for MID-100 self Calibration, i.e., L1 is the base LiDAR

L0: 0.2 0.2 0.2 0.999858 0.000676286 0.0157461 -0.00599366
L2: 0.2 0.2 0.2 0.999964 -0.000508365 0.0043916 -0.00727742

for AVIA calibrating MID-100, i.e., AVIA is the base LiDAR

L0: 0 0 0 -0.0332571 -0.0141886 -0.00218784 0.999344
L1: 0 0 0 -0.0190995 -0.00383766 0.00756648 -0.999782
L2: 0 0 0 0.0135145 -0.00174505 -0.0090076 0.999867

-0.107679 0.015911 -0.0786925 -0.0029711 -0.00326139 -0.00906015 0.99995
-0.107409 0.0167502 -0.0789365 0.00298163 0.00325814 0.00904212 -0.99995
-0.107502 0.0173567 -0.0794309 -0.00298957 -0.00323384 -0.00905372 0.99995

0 0 0 -0.0190995 -0.00383766 0.00756648 -0.999782
-0.107409 0.0167502 -0.0789365 0.00298163 0.00325814 0.00904212 -0.99995
-0.107502 0.0173567 -0.0794309 -0.00298957 -0.00323384 -0.00905372 0.99995

